"rmse_lab2PI";"rrmse_lab2PI";"rmse_lab2Hajek";"rrmse_lab2Hajek"
0.0127737354067727;0.145456256970857;0.0457308908724804;0.520743854669707
0.012515912031663;0.107487529041357;0.0567230665602034;0.487141668044671
0.0117493979267328;0.0839272886353001;0.0573819714654034;0.409885962810235
0.0126609536420133;0.099673308814606;0.0577944771076999;0.454986798578817
0.0146451520063465;0.150613336113818;0.0601801987470483;0.618903818639622
0.0104368637325489;0.0726893961806874;0.0570393725370067;0.397260868253926
0.009176831523636;0.0782361955260355;0.053240804933869;0.453899367558543
0.00693451818899953;0.0721521231313513;0.0554064046743456;0.576491347109096
0.0126406818278931;0.171127250168989;0.0608953080601438;0.824389598473328
0.0110864404304808;0.0724546667121212;0.0555820399005794;0.363252587828288
0.0111892750449627;0.0715344115693355;0.0533547854300476;0.341103705540321
0.00996551298029034;0.0879084924985215;0.0569645066500748;0.502499361090008
0.0108152491819243;0.0959538627183316;0.0578121682670125;0.512914752497178
0.0110527170488759;0.0863855050278927;0.0557678466543156;0.435868716827515
0.0076306302668949;0.0761430234160453;0.0586515113381038;0.585260095824427
0.0131495945375872;0.156856128109047;0.0600615685563519;0.716449854402437
0.0105783950659235;0.094009693215312;0.053350816981284;0.47412616998521
0.00982155815166475;0.0615023518875326;0.0564765266798059;0.353654599770231
0.0130224864877505;0.13429404491706;0.0598689413556024;0.61739686250463
0.0109942045388058;0.142003544757883;0.059985926462525;0.774791315114968
0.0136766307427523;0.11441581472829;0.0614498300710076;0.51407634707219
0.0145952044194825;0.196147438876649;0.0579425254729023;0.778699471888434
0.0105763499686196;0.0878605498056277;0.0545925411099911;0.453514746717121
0.0116971316643946;0.105241428142874;0.0574132251716307;0.516558245620428
0.0139662525630775;0.171252028662765;0.0555386728740913;0.681006616196405
0.0106369453172216;0.12957455561116;0.0574278838647793;0.699561040275397
0.0108543195908362;0.137067902293777;0.060961129886137;0.769814646143799
0.00647697974080282;0.0661453099470399;0.0575634800990759;0.587859524833359
0.0106406934986499;0.0693733214543313;0.059724978461731;0.389384407153949
0.00895148085196023;0.0786705413653211;0.0554454206856269;0.48728487874842
0.0112132395531049;0.125875125418848;0.0556914083740628;0.625168398537992
0.0112611101587213;0.130022552147863;0.0647391863810506;0.747488846001677
0.00915121399631567;0.0858978306702781;0.0591715883613641;0.555413858707946
0.0140497118109353;0.137980821635138;0.0591000270088523;0.580415484322837
0.0101244047759096;0.0543742277224127;0.0568040174143957;0.305072213804368
0.00798516680780755;0.0761633573572219;0.0618556733404809;0.589985890914175
0.0138263296623896;0.127198677735204;0.0619049476020621;0.569509600343815
0.0101315971893804;0.0637951691378375;0.0531008879522736;0.334357956101474
0.00999908937538924;0.104442350868769;0.059979789494063;0.626500072575858
0.0143507991569975;0.155047708314927;0.0611940467523663;0.6611476202595
0.0077212594450801;0.0468035852410518;0.0606082761729457;0.367386258725081
0.0149791429073475;0.189081874369212;0.0614087233056968;0.77516294337281
0.0117319376938859;0.0992534647413419;0.0644554024713228;0.545299692471983
0.013422552374517;0.154340132225779;0.0612334572888485;0.704097077136016
0.0100591533958243;0.104865781630184;0.0590000229189062;0.615070004018254
0.00767464488432642;0.0719687453575873;0.0585756011730726;0.549290890787899
0.0115876790672883;0.118529272533637;0.0548256269704612;0.560806149641667
0.0110375418230617;0.110061051858048;0.059529323461499;0.593597746817246
0.0154699242490313;0.170509849777108;0.063774595209079;0.702925009434154
0.00987513009368434;0.11444271169871;0.062930928412091;0.729305439915486
0.0181195664948636;0.0945232828224499;0.0650375618307757;0.33927764512223
0.0188419325121656;0.135329528641975;0.0580979442271458;0.417280308283183
0.0133041404837097;0.136788502477626;0.0551758791918904;0.567299022194375
0.0132754374346051;0.0788819456606279;0.0551822280714505;0.327889874635534
0.0108995953496383;0.0727559075249982;0.0536121027277869;0.357866238439118
0.0117311613381892;0.0888793762734102;0.0578126679998882;0.438008968115083
0.0139908560924239;0.09213410231016;0.0591152959343088;0.389292455567199
0.010209726403093;0.0544396456939365;0.057456648908662;0.306366643517585
0.00953101537903314;0.0730572455237172;0.0527645068624056;0.4044510872645
0.0069123913373532;0.0634201914885306;0.0539647888922613;0.495119138682305
0.0132327472412524;0.129710949326161;0.0520371575127015;0.510082220883459
0.0118661606695929;0.0625493500260621;0.0561336429756688;0.295893758772405
0.0107088958100431;0.0476453507971105;0.0533628606167789;0.237418708587988
0.010615636196847;0.0911131435854681;0.0611112365511196;0.524512781647645
0.00938017994398244;0.0523852077608942;0.0576745747280183;0.322093456382644
0.010814428892294;0.0604894620450684;0.0567576505277082;0.317468428666581
0.00755118466557049;0.0736701386884648;0.0554537837002446;0.541012849894131
0.0135144070277917;0.0959881549541835;0.0600730301394895;0.426677938124739
0.0104013168681305;0.0888222120747175;0.0586280754257525;0.500655389603059
0.0102279607661522;0.061211102113521;0.0610077553846009;0.365112071696808
0.0131605148232823;0.105309350486639;0.060005235865877;0.480156931524742
0.0116370658925036;0.129810798294651;0.0596340998420604;0.665214941428449
0.0133789072289147;0.0767705138417035;0.0525974205063998;0.30181321463218
0.0139091788758148;0.15265646811489;0.0571759704601509;0.627519553053172
0.0106244078021857;0.0604821483422948;0.0531357207972884;0.302488628766228
0.0111837525381925;0.0907502389357728;0.05931613762335;0.481319096044322
0.0145698974463648;0.136685782846859;0.0561040440937911;0.526333504821468
0.0102756288378613;0.0900240913933556;0.0551747467232481;0.483382235773002
0.0115120779388145;0.136983942211763;0.0567018621498169;0.674703963030129
0.00601188970286188;0.0539168013019245;0.059257570681236;0.531443326801891
0.0112974203630604;0.0693878351059208;0.0608115436933802;0.373499545093469
0.0083755882698548;0.0588717355281094;0.0558128043800983;0.392306373317491
0.0101880140834464;0.112075528609418;0.058178836562215;0.640009309781543
0.0111580756183603;0.11617407869115;0.0674959200657216;0.702744505167545
0.00878161286830992;0.0754205293615275;0.0565835999546958;0.485965975244065
0.0133080995628431;0.136601691572942;0.0564562208908779;0.579497864221117
0.00994699689023874;0.0588396628038156;0.0561614477346899;0.332212896389471
0.00721220244347187;0.0567590061934853;0.0576366081409028;0.453591898463984
0.0134177081094773;0.0900068309521075;0.0627242675111548;0.420758336401997
0.00953740739764409;0.0572115643403494;0.0542272533232211;0.325290287302632
0.00951963158155127;0.0908376458954713;0.0516445611916443;0.492799571261256
0.0147767586322517;0.163255591720345;0.0677468174080954;0.74847583549136
0.00716871231947365;0.0398831108514811;0.0582371129393779;0.324002014242074
0.0147603587064039;0.169943284310039;0.066479762966074;0.76541427504102
0.0114310215763281;0.0898094151959301;0.061014543567518;0.479369270686443
0.0141610429442371;0.132949679115644;0.0626659022083614;0.588333191481809
0.0110962247385935;0.0670762669236178;0.0572712041195262;0.346202304392518
0.00735265754124345;0.0612031903426517;0.0583749151861892;0.485910165859878
0.0116915474439322;0.114357128147591;0.0606049608367709;0.592788021091875
0.0114811905584774;0.11629092184304;0.0581128208846715;0.588614349457688
0.0150698993718933;0.122454617747033;0.0640504133912705;0.520459274133963
0.00908346569750473;0.0770165943178376;0.0525036159099329;0.445165955530132
0.0163738089940322;0.0836573135500536;0.0548968052657649;0.280479591076711
0.0186803902983139;0.0887853527515978;0.0428810455192047;0.203807773391307
0.0104973727902064;0.157811802795923;0.0371808497857935;0.558956707687343
0.0105549273080756;0.117710529748881;0.0439847866720844;0.490526593783479
0.00962725958561902;0.0883044097112515;0.0428424333975631;0.392964971819877
0.010674163550874;0.110030881430552;0.0500416894609816;0.515837252579377
0.0122981371831251;0.16658937881017;0.0506397486715759;0.68596114587797
0.00888738650669618;0.0794793769458432;0.0422714478141557;0.378031081728746
0.00782096528303026;0.086181309235448;0.0376576017729204;0.414959190587274
0.00597458554621744;0.0822781619672383;0.035019833076497;0.482270690685463
0.0107916783947736;0.196024948524476;0.0452967866744929;0.822791409396697
0.00936647181134348;0.0776906046353405;0.0384779131608515;0.319156711169763
0.00923596593006983;0.0747088343814417;0.0411855670296128;0.333146065004794
0.00829478830224375;0.0953550840647934;0.0385763566967519;0.443465414872276
0.00892855996729483;0.103970106000918;0.040801607175856;0.47512112128053
0.00925220996129888;0.0943018862710178;0.0455205027869234;0.463961507009442
0.00655922243237727;0.0852593350204413;0.0367639782297019;0.477872547986506
0.0110391788747362;0.17366481179283;0.0457875166484509;0.720314486380161
0.00878969596049651;0.102491972388627;0.0430003123446464;0.501403785220448
0.00846879905998072;0.0678609415197808;0.0418602590779131;0.335428503282448
0.0105922270263471;0.145291207123731;0.0471385648555446;0.646589142482178
0.00891434580740468;0.152147423273747;0.0423703339932226;0.723164355477667
0.0110195180215591;0.118750235148159;0.0484219188288764;0.5218117739818
0.0122429774713838;0.219926864994613;0.048569378366946;0.872476580467991
0.00889951142659917;0.0957842051895503;0.0414573541240127;0.446199743298463
0.00993339230008193;0.11520177516332;0.0399539293099668;0.463362710563642
0.0117184308590298;0.191170217197967;0.0481119058232837;0.784880125734409
0.00895509212093877;0.145590758517064;0.0424658731609178;0.690404811149987
0.00882653273907933;0.147392944160338;0.0407898449477666;0.681143492741648
0.00558618300511803;0.0758995211022443;0.0368071793360926;0.50009949229632
0.00880961823075169;0.0731792778716201;0.0456108572795106;0.378877893615069
0.00745555084945877;0.0858877120181862;0.0384666725049388;0.443134861140663
0.00920358294085845;0.135985182933156;0.0389293575164583;0.575190753140757
0.00955158019467925;0.144064168595733;0.0452970040200352;0.683203730798292
0.00777692739339101;0.0939220625980928;0.0430143130801504;0.519484470069904
0.0115596027723521;0.1498181949255;0.0480700425719476;0.623011633699566
0.00831663100624284;0.0551586900988139;0.0399911447285662;0.265234703466341
0.00664355195441635;0.0822269103373826;0.0414333173708603;0.512818097278409
0.0114089164819267;0.13522039074683;0.0469510697756332;0.55647194990866
0.00848852525638558;0.0673380063095355;0.0427467799096162;0.339102829799639
0.00853874032887064;0.116444103815299;0.0399715754049485;0.545098468491606
0.0122801254224584;0.177542846875213;0.0496278783734379;0.717506907110483
0.00645949475843568;0.0499156094375131;0.0405487785318369;0.313339830444193
0.0129191683725362;0.218509384283402;0.0477017929340697;0.806808077940675
0.00996036578684101;0.110542148557396;0.0433745357077694;0.481379346143168
0.011243033010675;0.168299623741199;0.0443321013228335;0.663617723545371
0.00817239802385623;0.112822484083585;0.0409670319458777;0.565562555344625
0.00657054435128018;0.0802215331070541;0.0401030589228982;0.48962897091633
0.00966087074130871;0.131172277167147;0.0434116535574552;0.589429835591744
0.0093327879751;0.121511681214058;0.0425497569813283;0.553992281818166
0.0128277670760741;0.18654134763102;0.0498038566983823;0.724247524190454
0.00829592380206481;0.127024396107961;0.0442392361969097;0.677376311097656
0.0155205900748225;0.101091811725408;0.0565675414302072;0.36844702556176
0.0159784416804128;0.145821356157968;0.0600951049298644;0.548435815869986
0.0111335577923631;0.148560014607754;0.0447998259714036;0.597784008028575
0.0107537625546359;0.0783849029748728;0.0450973113245243;0.328717354008953
0.00899509750067637;0.0744048710249617;0.0409562689662987;0.338778530179574
0.00977918423711344;0.0925331423016253;0.0486531912518284;0.460368938796321
0.0116589821577334;0.0943740940796291;0.0466371145504529;0.377505975791161
0.00858272313245531;0.0556512626804022;0.0411373389461117;0.266738751831073
0.00791507833780167;0.0768143662296989;0.0387283156519261;0.375851115425937
0.00588481038387396;0.0700459851233522;0.0372579652506771;0.443475780770577
0.0110807750826937;0.140564970198766;0.0417595157903796;0.529739575867528
0.00974979565673905;0.0619576865417747;0.0422789054648072;0.268672622929
0.00917314331374022;0.048259798497756;0.0383474520323132;0.201745491669117
0.00875359098704303;0.0949357131166033;0.0446354000900793;0.484086307444438
0.00806580510869869;0.0545867114585887;0.0405820414470575;0.274645885564722
0.00909687788902865;0.0617859877155733;0.0439954187059722;0.298816850447902
0.00624171406037589;0.0777399911965448;0.0372134624715141;0.463490351679813
0.0113074340795478;0.0971694371216002;0.0453433942757462;0.389654458116747
0.00872093360866654;0.0966280093053588;0.0435112480598278;0.482104952414112
0.00850747592909678;0.062020483276879;0.0458613338041595;0.334334426563369
0.0108715858386351;0.110015827035053;0.0493701875087535;0.499605309682503
0.00982670356413532;0.143232756689551;0.0453997588218766;0.661740996526168
0.0110119443985234;0.0761965078352794;0.0447147664328787;0.309401221759929
0.0118774019351507;0.167905867591992;0.0482526742406077;0.682127890951112
0.00893078025174459;0.0608969358436711;0.0396074137855669;0.270073842177701
0.00943467917231488;0.0956623691388014;0.0390509013424014;0.395954294914634
0.012186575452353;0.150142526384427;0.0476902595431595;0.587559325401501
0.00838897678381236;0.0939796918768771;0.0386792333208459;0.433314160141826
0.00976478873401038;0.151638475289418;0.0410215157195017;0.63702761700318
0.00520071328808869;0.0606262245143914;0.0390350532522153;0.455042947247291
0.00926968620397623;0.0699158974037914;0.0463741039078934;0.34977312280822
0.00690638801126998;0.060032132260432;0.0381086974760588;0.331250772968788
0.00859583346811216;0.12177369906085;0.0437303182983466;0.619509747373874
0.00941205945627222;0.124770476950787;0.0479633199202527;0.63582325742801
0.00728426879678977;0.0793848526382799;0.0374687020134937;0.408338499150344
0.0109836784983001;0.144710182947276;0.0447613207388201;0.589731292123929
0.00821472800401419;0.0595267822270563;0.0410286702620252;0.297308044595004
0.00606506896615135;0.0597556276607343;0.0416860880193926;0.410708990816322
0.0114856474815767;0.0971521795897955;0.0479570308818362;0.405648012817639
0.00791215784629801;0.0585952095740803;0.0421865939924991;0.312422017384765
0.00781216344103508;0.0948010506745332;0.0377269486153787;0.457818681659347
0.0125387404754727;0.179403996702082;0.0471749420848889;0.674977935046486
0.00593080525319978;0.0402599807811458;0.0392150663284165;0.266202943666311
0.0124555548519046;0.188830706521398;0.0495532493696974;0.751245143244676
0.00950770399319749;0.0947314289168028;0.0465691854879593;0.463999035721176
0.011780028010951;0.141764321027598;0.0405740184560319;0.488279668981555
0.00916308510849277;0.0683829414479404;0.0452658304897865;0.337813149100459
0.00635916502001209;0.067420667029529;0.0382284632348116;0.40530297337683
0.00992183952951435;0.124846014052311;0.0463363387581887;0.58304784939619
0.00948126756591043;0.123128285584913;0.0426670106080159;0.554094252765013
0.01267705999063;0.130388430186585;0.0471575183364917;0.485033185291777
0.00782324397100108;0.0848878649987472;0.0338710186762295;0.36752509207378
0.0141621093012974;0.0873819132985095;0.0477004547875993;0.294317528263083
0.0160785351605345;0.0925353734655106;0.0600511724906977;0.345607209735626
0.00690362082643694;0.15769900385143;0.0414229314732261;0.946221583450617
0.00710859176743506;0.124244456671207;0.0598786327283555;1.04656286827872
0.00636692194949423;0.0922763336105678;0.0425513059502098;0.616699644596524
0.00672407515381206;0.102438237737621;0.0673117876720085;1.02546458068369
0.00786813157261218;0.158275329464899;0.0508020455099871;1.02193391358281
0.00595046477801897;0.0831172992809386;0.0459484650658448;0.641817482305816
0.00531354052662874;0.0933975809653997;0.0458064102134221;0.805152023439403
0.00425663313006935;0.0863200857492167;0.0320011501239819;0.648949988962443
0.00687857609680107;0.182049884744844;0.0467488113814174;1.23726416691143
0.00606858352437741;0.082497369397023;0.0449396633865279;0.610917522364761
0.00616996460389773;0.0823088232708627;0.0406668475507519;0.542505603018114
0.00565245904657343;0.0999368186503959;0.0398440000856521;0.704451386212169
0.00610043456842652;0.10604928129985;0.036653341752685;0.637177648003629
0.00613980568248246;0.0940260751146599;0.039347576237299;0.602575773598785
0.00459918400984449;0.0939243833942478;0.0339798805973593;0.693935995186471
0.00728028695858963;0.174187528359755;0.0476860889771077;1.14093332080345
0.00589002348334078;0.102920143470997;0.0382820086470232;0.668925995533523
0.00556506769956706;0.0695397668761769;0.0476340530929973;0.595223836668179
0.00709325186148747;0.140196560650426;0.0516327121273253;1.02050918234089
0.00607328219981237;0.158319367663699;0.0361070648394498;0.94124519255016
0.00711301136716848;0.123729449281974;0.0577322357624612;1.00424101241805
0.00742625579164854;0.192211966509963;0.0690619759976817;1.78751427233447
0.00601087604592822;0.101193447859726;0.0394594029542255;0.664301343916284
0.00630194592165271;0.118403883625292;0.0342919227737481;0.644292554056943
0.00742986796309534;0.178533399647098;0.0619244159118448;1.48799097760772
0.00605460874491035;0.142516013969839;0.0446379435683629;1.05070733010146
0.00619996371236362;0.158146467406914;0.042671021868745;1.08843723645159
0.0037553312378161;0.0731503336800888;0.0329111476044056;0.641078316824317
0.00592575480114117;0.0789761025832218;0.0459999051797926;0.613068436378462
0.0050526442281374;0.0872655611406492;0.0312354702499263;0.539476107118807
0.00601377215679688;0.135974671659761;0.0390127394938527;0.882099338803332
0.00624600880026314;0.149084351391532;0.0432075818869032;1.03131047790616
0.00546455791660994;0.108746123443815;0.0343863492737888;0.684297291743111
0.00780284746646751;0.153710958328431;0.0491669266321609;0.968556087142699
0.0054465741255671;0.0631970982340673;0.0419840485604033;0.487144759249816
0.004732962069034;0.0929906300944388;0.0273404780101317;0.537170642857952
0.00730632332174025;0.14090904918681;0.0550525821774077;1.0617388073718
0.00575581112462462;0.0761985046336577;0.0508118393968786;0.672674293144085
0.00568526817757367;0.121250169858309;0.0343124285281551;0.731783911918371
0.00778707243554084;0.158043356486551;0.0412125939846532;0.836434582671204
0.00456901173293063;0.0556023838632728;0.0316490736675338;0.385151985996428
0.00821450723148045;0.203382552237444;0.0504741117761897;1.24968587715387
0.00629837131688791;0.1039880685829;0.0428145497024877;0.706881526478204
0.00747732754294466;0.178310600415628;0.0453217167760706;1.08077952768479
0.00580873054244603;0.117290686791788;0.0407205141903555;0.82223422846024
0.0045652024596978;0.0870529253914327;0.0326083068637149;0.621801229980023
0.00646465235947305;0.128400089212564;0.0499492043783487;0.992084638376343
0.00608676855663556;0.123379048633755;0.0468570346848389;0.94979401753528
0.00821784512879385;0.176960082884572;0.0425019644130258;0.915221816353463
0.00549760410828479;0.127096236001376;0.0310932888385486;0.71882949343838
0.00953759711206875;0.104840433163619;0.0677331434752855;0.744545194983833
0.0103209873134514;0.156782770393565;0.0894556163577572;1.35889125079672
0.00717220550136917;0.154214487403009;0.0568578678015478;1.22253983606157
0.00736686675069253;0.0983985196246927;0.0609547957726828;0.814167253329732
0.00600122148163292;0.0900192392104279;0.0463961334837356;0.695949091579755
0.00652111535613214;0.110720516059263;0.0551648722727449;0.936631663882174
0.00776008002045057;0.117005421463868;0.0571458898270007;0.8616378834387
0.00575814741286448;0.0692524946912484;0.0386463385034938;0.464794518124015
0.00508863265130283;0.0841509101681454;0.0290255148043379;0.479996033562899
0.00410955278970317;0.077626822247114;0.0293608174270084;0.554607051440499
0.00704638882897699;0.144334536298703;0.0442287804785631;0.90595916239799
0.00639867742042471;0.0781461605939479;0.0422671981711894;0.516203433790658
0.00573943168547426;0.0594795986165809;0.0418431412200918;0.433634091494952
0.00592148847506286;0.113444434533286;0.0350380104452879;0.671261507790889
0.00536829642013523;0.0699270313158501;0.0402420156195844;0.524189513062082
0.00569818889220411;0.0730058513768721;0.0371701046835655;0.476227655756337
0.00433075408365636;0.0923969151278334;0.0341221013330417;0.727997212483274
0.00751477631804616;0.128931189229967;0.0452268152048908;0.775957503278905
0.00603734692329224;0.104561597956279;0.0446087557768122;0.772584853268847
0.00565339488583248;0.0777865982549537;0.0405945253488277;0.558551118120738
0.00726261854947495;0.126474345800214;0.0621167851723598;1.08172826568932
0.00630127906430898;0.144353481159969;0.0407382228110706;0.933255648421821
0.00720607862171347;0.0972325724290548;0.0588291627802181;0.793789678304687
0.00745953141259503;0.176041899197782;0.0547381074287517;1.29179701207229
0.00594860522021886;0.0809189636676097;0.0384830634586416;0.52348567412809
0.00606765856440008;0.112114677006062;0.0402268289216403;0.743288021839068
0.00789923028332397;0.146844029270824;0.0622039631750961;1.15635071540178
0.00584301055829724;0.108715890800816;0.0341435483523213;0.635279747860848
0.00646351591513129;0.161692184682756;0.0397442272232257;0.994246941236266
0.00365144758469648;0.066582554961918;0.0330483134421822;0.602621589143174
0.00614677891855933;0.085747334609312;0.0440082282050166;0.613913127421048
0.00467041281150361;0.074956460113075;0.0387156750977738;0.621356199835101
0.00577837021421792;0.137106842769453;0.042827484019554;1.01619330364678
0.00637158577164486;0.145920279536581;0.0440384380026363;1.00855601949154
0.0047529132071285;0.0898474750349947;0.0329849452527628;0.62353632729573
0.00747636169976033;0.164828792818992;0.0418082830841747;0.921732937401905
0.00571056515897219;0.0767275483133169;0.0377577540920733;0.507315794611004
0.00458874998434052;0.0807142208285412;0.0261751464692459;0.460410037493414
0.00713165398754186;0.102628070140528;0.0455545574867596;0.655552881440808
0.00552681355274821;0.0738226124587615;0.0419142101082972;0.559855413939436
0.005264766263461;0.111062158217147;0.0338332903053589;0.713725558336608
0.00791623101908673;0.187862674469333;0.0376622238977258;0.893774586773724
0.00437114304649976;0.0550028701401732;0.0303699059915013;0.382149926838342
0.00829537553363636;0.196146936221454;0.0517059457321088;1.22260442564197
0.00621805705585426;0.104879010313424;0.0420221624470585;0.708781339426282
0.00784139914085717;0.161864378395064;0.0442469733772566;0.913358536266233
0.00597454751274865;0.0800937526933456;0.0407730264994443;0.546596155447313
0.00456931802370927;0.08179073702245;0.0383151197939637;0.685840178072741
0.00640525978270977;0.134002155604262;0.0381387943396644;0.797888114929908
0.00614343779080856;0.134713966227637;0.0460548941059295;1.00989668333356
0.00806538734990706;0.144746219010519;0.039906649401186;0.716188369336861
0.00506841179506916;0.0916248986071228;0.0292330327694841;0.528464097192823
0.00901277272843639;0.107385579728805;0.0599764762488112;0.714609018348879
0.0100500082337406;0.105857206654873;0.0839178473654439;0.883910610219416
0.000310447295890123;0.305510132885925;0.0839875564060678;82.651869924689
0.000297327330779073;0.23856497721382;0.091688547366452;73.5676607862833
0.000277756024434491;0.184767193729614;0.0827505233297536;55.0468059385031
0.000289066403368262;0.180295637955324;0.0909096219941946;56.701879231671
0.000374977471911521;0.317627260152562;0.0856236151389691;72.5280751995827
0.000262155729064165;0.16685793605471;0.0832126946148771;52.9635515750672
0.000249866130539285;0.205282788162289;0.0839487099070035;68.9698327466089
0.000221652833321387;0.180553925045905;0.0813181015874862;66.2400845452471
0.000295922982510353;0.311077220117396;0.0797828897818316;83.8685774106661
0.000282816678656641;0.188613180145383;0.0825805889268047;55.0737939846657
0.000257784045670474;0.16813320111172;0.0816839623184974;53.2763229329329
0.000266680521973602;0.206146408118167;0.0738043439499996;57.0514122899318
0.000282074835703071;0.20519842267813;0.0772412520826974;56.1899931752074
0.000273933251059997;0.176806363136947;0.0925275509124147;59.7206060362848
0.000241768788703456;0.223986599792739;0.0758519714310873;70.2730292836279
0.000343081320315431;0.352927072804897;0.0866586320830971;89.1455627087035
0.000286492809897472;0.209552935026509;0.0824010127958389;60.2715791949701
0.000276213266739642;0.155292885643794;0.0815457977314339;45.8467559915437
0.000349181119273579;0.267570087334587;0.0738323471881882;56.5761620398009
0.000267508698757866;0.302166020340597;0.0746472699285984;84.3182617550361
0.000303972631817829;0.251159876864198;0.0888293870495562;73.3960086467894
0.000340675487292065;0.340698152152887;0.0980493693346429;98.0558924787862
0.000277514905069619;0.212353403754672;0.0764642734018334;58.5101860328321
0.000274529908591718;0.245932498837861;0.0736253657702816;65.9559108682236
0.000306364949484616;0.296057028497521;0.0936449681823948;90.494200007096
0.000304042187078256;0.273206096215364;0.0829778652445927;74.5622140585535
0.00027964477300105;0.30925898807094;0.0778419209774052;86.0853340923343
0.000225630841425981;0.166907380504627;0.0757980439885713;56.0705836558129
0.000250929381977313;0.157254714940084;0.0825580969531892;51.7382615780857
0.000257566066646459;0.184975725449734;0.0786537400714844;56.4866048485648
0.000274672403818277;0.261231336728952;0.0758540864728721;72.1421742053556
0.000285108854414666;0.320788234781608;0.0702197392848494;79.0072488567822
0.000248181372446359;0.242713081122149;0.0750760511042369;73.4218668483336
0.000351793498529489;0.304303661599682;0.0805991168963609;69.7187597149625
0.000243373807956929;0.149800218035836;0.0759423782423856;46.7436693963492
0.000246291129753002;0.222326797050589;0.0665242846408796;60.0514161639562
0.000295836259338953;0.276481703046448;0.0805880655917319;75.3157360419852
0.000262500958621731;0.17380425752071;0.0859628955093732;56.916810158651
0.000276167824538457;0.267772943471953;0.0784182341570323;76.0344961155217
0.000352120434477337;0.270713622002213;0.0764967359535303;58.8114361839456
0.000242314380062966;0.133745817483082;0.0718577566811073;39.6620060572457
0.00041691758399825;0.384121831785513;0.0707137342584866;65.1512197573272
0.000298594355290617;0.204166012416557;0.0733468199351583;50.1514093761808
0.000387368051303118;0.433244684254952;0.0820565250327453;91.7746137278928
0.000272394608852555;0.217002645671605;0.0688562206726705;54.8541768864645
0.000237717651652326;0.203989624876384;0.0791358388444264;67.9078308570973
0.000278125919311407;0.220640262067022;0.0784013041024009;62.1965918400493
0.000243438818096634;0.220502474305882;0.0881691588929693;79.862027943509
0.000337462197636964;0.299874226586831;0.0815660164105475;72.4808475087181
0.000271169792478933;0.265428636252041;0.0721879336027518;70.659584147891
0.000562284252268039;0.283855555347101;0.0844446539817001;42.6298336746639
0.000587384599771246;0.446172866832107;0.114874218521556;87.2575811875577
0.000302278384401529;0.309000885366398;0.0883215686864184;90.2857906134634
0.000297655329568789;0.224176288613631;0.0811414594944224;61.1109207031657
0.000245086816373448;0.204808956212338;0.0827521412547811;69.1525555128301
0.000275863350992188;0.257858996785099;0.0893574651743942;83.5255072566026
0.000347210343910116;0.30230547795755;0.0867948202616785;75.5696081169715
0.000267091118346751;0.181117405281055;0.0783061036797322;53.1002243875809
0.000242971587738798;0.207354644922026;0.0801095323048489;68.366362423408
0.000222721404458371;0.194386872489274;0.0756112449189632;65.9920112328716
0.000304095874527225;0.296129406982189;0.0866385865968786;84.3688961930056
0.000299886672091771;0.215311894043536;0.0795931178223342;57.1460706526922
0.000258544960819724;0.163666439941162;0.083243534231152;52.6955654155358
0.000271877220820204;0.281314040830917;0.0757755889064693;78.4057489160458
0.000262808653219301;0.201808079014745;0.0787589699239694;60.4782081215316
0.000256704310314296;0.1921870700963;0.0862505884131425;64.5733134005759
0.000230158676603753;0.249110332191157;0.0760785835076975;82.3430230391158
0.00033680600737866;0.35583452825477;0.0716028496933639;75.6481941656414
0.000276448699033596;0.215684933755182;0.0837457117284379;65.3383009201053
0.000259028424035888;0.206204648882287;0.0837938514247853;66.7057361594744
0.000339674869851363;0.310792660054269;0.0832023860468841;76.1277715177712
0.000266310859366865;0.278634229156208;0.0823767330799995;86.1886652940907
0.0003024963464699;0.247230149361932;0.0907648370716131;74.1820669502176
0.000340257352302127;0.384799776705586;0.089034627130605;100.689976005282
0.000282467570145166;0.238269778058745;0.0839196597597751;70.7887234469105
0.000279370844112892;0.290353169103914;0.0802019654920459;83.3547785665429
0.000309002261913987;0.244023555255107;0.0859966823832874;67.9128238263688
0.000297920243016171;0.279506430286772;0.0727399781911347;68.2440757885599
0.00027162080582896;0.322636401236809;0.0821901446563639;97.6270297414557
0.000216865053146773;0.177883385093755;0.0756007613257047;62.0114635583068
0.000253370335912801;0.200553123194298;0.0833115319124877;65.9445308108251
0.000244185777718255;0.222161328350878;0.0763633503245596;69.4757225582649
0.000271609528699111;0.32379535461496;0.0781143213633526;93.12285363292
0.000287521284947677;0.340173166139399;0.0702646107665063;83.1317066364138
0.000259854896665374;0.256308920752192;0.0726411076982799;71.6498482626853
0.000328519948151076;0.364382958885157;0.0816169956070822;90.5267473771458
0.000250952428582334;0.192904648664992;0.0743330076980841;57.1390474888613
0.00023727464191146;0.227120986882648;0.0692513363448197;66.2878752102249
0.00030006773637189;0.220114208328141;0.0738311507785144;54.1587226273046
0.00025868131840439;0.19152019079663;0.0870401199297369;64.4419955748216
0.000248268631818294;0.277594955497967;0.077148004262534;86.2609853414315
0.000370655282246859;0.392141447737829;0.0726371419905381;76.8477757744116
0.000231403568551574;0.165909754384827;0.0679992393470295;48.7535139109416
0.000387825591743434;0.415729615698933;0.0719595096683044;77.1369913104613
0.000274672942677515;0.234220319613399;0.0732174605450659;62.434314945542
0.000379745425693025;0.410134689858084;0.0783358840270534;84.6047412988877
0.000267071333906258;0.196251147068573;0.0709927362998452;52.1673581683298
0.000233902452988861;0.213192839893343;0.0716376019411198;65.2948423833055
0.000275343223178403;0.289615539809097;0.0790934994832673;83.1932824923569
0.000252153129930444;0.280872526957082;0.0849237550875484;94.5962863784552
0.000329260025058343;0.316861402245006;0.0718903529480621;69.1832482214475
0.000248137869097923;0.22344109682232;0.070419080821771;63.4103803391122
0.000518910149545387;0.371610290609048;0.0983433874375988;70.4272499144243
0.000531003174210483;0.314131645741034;0.100053345098723;59.1897063600209
