"prov";"parado_11";"parado_16";"parado_21";"parado_26";"parado_31";"parado_36";"parado_41";"parado_46"
1;0.0878183975910502;0.097260663306741;0.0665182996723083;0.0749431657082102;0.0437771999684976;0.0465079878171628;0.00101616039035288;0.000978244395782562
2;0.116440596814235;0.168295004939656;0.0896685057028724;0.137191756913741;0.0572145587649579;0.0748676583630618;0.00124631592722257;0.00132777347421341
3;0.139994966092482;0.149810451417891;0.109023542732457;0.120893933109012;0.0689984278782081;0.0666659875629979;0.00150327565639686;0.0011966606388021
4;0.127024514311679;0.131989690185289;0.097010615675302;0.105683044948768;0.0656402853301195;0.0588970823857227;0.001603291164703;0.00106982247829845
5;0.0972367546209797;0.151853176420226;0.073823056853696;0.123540069670984;0.0497116739495215;0.0663223970595836;0.00118055821698494;0.00114854135709334
6;0.143581654009142;0.18754211701694;0.111820032418623;0.154223331494646;0.0715911709054243;0.0831471478180866;0.00157113131843012;0.00147468498641686
7;0.117296495080492;0.130459550051596;0.0907501330904979;0.10304164085834;0.0568916290090769;0.0604703222001404;0.00121718012881699;0.00117176824194204
8;0.096109690027768;0.108993542515609;0.0726144751337106;0.0840135287341694;0.0493121976550861;0.0529398559768554;0.00122762677834355;0.00114576360844872
9;0.0738671474905975;0.102017195232905;0.0550525760930177;0.0788302737661088;0.0377840178610489;0.0488198390328032;0.000951284643725041;0.00102690198054364
10;0.153012096163932;0.189708776584387;0.120561190832627;0.157362164421121;0.0735609337453177;0.0818808930828044;0.00149945342334319;0.00139280123573264
11;0.156418076272527;0.224762660592952;0.123626154879002;0.190078359199257;0.0749611567595073;0.096494122673422;0.00153321321408247;0.00157970663327601
12;0.113362346424698;0.1165104811348;0.0869884221024594;0.0922054588276129;0.0565603260430688;0.0521972585030198;0.00129364622167337;0.000966454500518925
13;0.112713015146373;0.17906161576751;0.0858762226059091;0.147761330425953;0.0575245253306128;0.0767699746309468;0.00137464426880867;0.00130227022873598
14;0.127946430889153;0.178782031227796;0.0981126712005377;0.147232054149646;0.0652989681319281;0.0780511258308436;0.00154934045472005;0.00133570021222379
15;0.100214437574946;0.102499938238244;0.0769326013486343;0.08028961624906;0.0489668799904643;0.0468711977847383;0.00107938952119087;0.000923922643349608
16;0.0838322014964284;0.140792445007848;0.063566008339704;0.116368216329147;0.0417956843819118;0.0582851702751494;0.000972102586488429;0.000946524242688204
17;0.112524514272115;0.117102655126184;0.0857598478753823;0.0902526469432594;0.0572290640558679;0.0577396199110948;0.00136716200067171;0.00128172466300954
18;0.159694025516701;0.167093230035029;0.124796368431053;0.137172035424438;0.0800271261978239;0.0726782635140167;0.00177866014656467;0.00125617160156149
19;0.0969699475192157;0.12497005026113;0.0729034277850464;0.0988183803333237;0.0505950490409974;0.05742364985977;0.00130500805509302;0.00109293079763226
20;0.0774220429324559;0.0896463625937282;0.058590185857869;0.0686065379962919;0.0383609553867927;0.0436517291697734;0.000885303709716714;0.000955772232913872
21;0.119534443514046;0.174271429998519;0.0927957574804844;0.144520329229902;0.057488426631224;0.0741117759377532;0.00121027544531799;0.0012235414946381
22;0.0744093550396087;0.0911142452565238;0.0556684035471688;0.0707384566453183;0.0386357620000918;0.0423736135919228;0.000999933475245817;0.000884245191655767
23;0.120376551159963;0.175661878643224;0.0929120976573085;0.146654016791105;0.0593998541709983;0.0735131167108603;0.00130685404689923;0.00118549474652855
24;0.111145694911273;0.12323661809979;0.0862260350241954;0.0986247701917734;0.0532241488091408;0.0541201092170297;0.00111628154021527;0.000962175976846006
25;0.081553793389393;0.10659409591039;0.0612984126439252;0.0811667136940954;0.0416161232451841;0.0537933365254873;0.00103481734934451;0.00126628046866602
26;0.0820913123494865;0.114143099683867;0.0615086576383841;0.0892637187489694;0.0424837081550125;0.0537456899378448;0.00111286750658223;0.00106587974634611
27;0.079189360960469;0.0840396162713585;0.0598843641353524;0.0643951920208461;0.0392039342643739;0.0399742011514835;0.000904241376282663;0.000841878984478243
28;0.0979204685258667;0.111503085451905;0.0735997134631834;0.0857832287882969;0.0513371716695024;0.0548409052008432;0.00135183261964696;0.00121914170360808
29;0.153383076888638;0.162815576329984;0.120384055254092;0.132583383010021;0.0750322516218985;0.0716847811837617;0.00159568749384029;0.00126335771728338
30;0.113784406419582;0.142268411058745;0.0868057918213038;0.115044855999927;0.0578996360316054;0.0623083427960457;0.00139243171513579;0.00109913718796546
31;0.0890822512850967;0.0909031098033143;0.0676807777313689;0.0705885879660831;0.0442271496844991;0.0421450169626788;0.001051452736328;0.000838830838144959
32;0.0866088995539411;0.096046172640837;0.066300873338481;0.0754349881982466;0.0418958042340715;0.0436648407738799;0.0008887759072859;0.000845220357063242
33;0.106536031526139;0.116435312011871;0.0828019229802235;0.091758925723284;0.0502505996862802;0.0528997971871473;0.00102252985829576;0.00101383477368941
34;0.101823656682426;0.0974226556758044;0.0771575360262506;0.0759012135469551;0.0507631176808835;0.0453583477249061;0.0011560606818865;0.000901578792697097
35;0.186198594444337;0.169052581477297;0.15077644141556;0.138000538525336;0.0861839273916385;0.0744265297732843;0.00162465589935729;0.00130091436530465
36;0.104842631481638;0.127067102247813;0.0807953494440859;0.101497870637157;0.0508971932357845;0.0568518154203367;0.0011077887731948;0.00104470593038616
37;0.108698690179568;0.149074330998465;0.0843727519120053;0.118223260971318;0.0518513421522977;0.0694902864077684;0.00107000302761175;0.00136323656092457
38;0.158814489032701;0.166704188350915;0.126058458240745;0.135030796950984;0.0755370614199983;0.0748661334064217;0.00151032524960128;0.00135067387583734
39;0.0957378811585063;0.104798307878935;0.0733290913760182;0.0824058740430573;0.046888744025822;0.0474037813416827;0.00103135074424494;0.000894355703881341
40;0.0925573122812537;0.0905130322124841;0.0691671088899999;0.0698910877459128;0.0492717480105119;0.0421383920006898;0.00130071191790437;0.00094520812422426
41;0.164971538084388;0.1797430583128;0.129408311973472;0.147312669756098;0.0821729468320263;0.0794711809649211;0.00181175295514282;0.00139475565743311
42;0.0792204062780677;0.0868546160345797;0.0591240894065234;0.0659614904872113;0.0403894392174321;0.0422916395914066;0.00108537851665523;0.00093287939347649
43;0.118201795015013;0.127280881980914;0.090104687821129;0.100364832473366;0.060568211360391;0.059287907439935;0.00146250765128037;0.00117271184298137
44;0.0869673504936587;0.106514307055374;0.0668036728826194;0.0830958588561766;0.0419342850369837;0.0484442544963078;0.000894109184442212;0.000925904184853093
45;0.0959240778016468;0.165426987032972;0.0724358986618457;0.133996650545788;0.0495242265292348;0.0745944260549678;0.00125525939100658;0.00136086508484426
46;0.106638581042282;0.120135200470415;0.0819049960378083;0.0943207075840246;0.052441689227219;0.055865959765775;0.00116534187361921;0.00109714028438234
47;0.097762171483841;0.102237155071286;0.0736502479788338;0.0794726175667658;0.0503477248272851;0.047799677205387;0.00126054019654365;0.000950719783061015
48;0.100285629082461;0.0987281756522125;0.0768056855263088;0.0770031639835662;0.0493338911592991;0.0456035700146151;0.00110401853250379;0.000897749355062317
49;0.09072745222199;0.123065178342435;0.0687663471877959;0.097225344092948;0.0464389764902756;0.0557208844903984;0.00112534578739213;0.0010391294828764
50;0.0862888509639852;0.117941669298157;0.0653096889751313;0.0921597447540533;0.0432554439159417;0.0553169703008561;0.00102162975445287;0.00111052922952326
